43.81 
43.74
43.67 
43.58 
43.61 
43.64 
43.64 
43.69 
43.64 
43.68 
43.66 
43.67 
43.68 
43.70 
43.64 
43.64 
43.60 
43.53 
43.67 
43.75 
43.70 
43.58 
43.65 
43.60 
43.58 
43.55 
43.51 
43.48 
43.38 
43.37 
43.39 
43.39 
43.32 
43.28 
43.33 
43.37 
43.24 
43.28 
43.28 
43.22 
43.24 
43.23 
43.23 
43.32 
43.44 
43.44 
43.41 
43.41 
43.38 
43.35 
43.31 
43.26 
43.23 
43.25 
43.26 
43.21 
43.24 
43.29 
43.44 
43.55 
43.50 
43.63 
43.72 
43.72 
43.67 
43.66 
43.67 
43.67 
43.65 
43.64 
43.56 
43.62 
43.59 
43.67 
43.94 
44.08 
44.12 
44.31 
44.47 
44.70 
44.96 
45.17 
45.14 
44.73 
44.54 
44.81 
44.74 
44.67 
44.66 
44.83 
44.95 
45.12 
45.30 
45.39 
45.54 
45.56 
45.73 
45.87 
45.84 
45.86 
46.00 
46.37 
46.37 
46.15 
46.47 
46.48 
46.63 
46.81 
47.03 
47.58 
48.75 
48.79 
47.92 
46.85 
47.70 
47.70 
47.02 
46.70 
47.69 
47.84 
47.53 
47.19 
46.58 
46.97 
47.42 
47.12 
48.72 
48.66 
47.93 
47.95 
48.09 
48.50 
47.97 
47.84 
47.95 
47.96 
47.57 
50.88 
50.88 
